test2 17 85 60 64 83 7 
test2 19 15 4 59 2 66 
test1 24 19 91 24 10 3 
test3 25 86 14 38 21 29 
test1 10 38 80 55 51 2 
test2 21 61 12 6 91 31 
test3 30 4 71 70 21 85 
test3 78 38 36 85 34 33 
test3 84 67 38 58 52 60 
test2 61 54 7 89 4 13 
test3 81 87 64 82 54 86 
test2 58 55 34 48 9 97 
test1 26 66 71 5 5 87 
test2 93 99 58 8 33 7 
test3 76 12 31 58 70 45 
test1 47 39 48 87 32 89 
test2 3 37 75 40 43 3 
test1 38 55 88 99 24 95 
test1 53 17 94 40 69 70 
test1 64 60 30 79 10 87 
test2 52 67 68 11 84 95 
test3 78 68 35 14 60 74 
test3 74 84 90 23 76 69 
test1 99 98 48 9 21 54 
test2 11 99 47 7 21 73 
test3 29 35 49 46 41 99 
test1 57 39 83 68 44 65 
test2 65 55 8 50 71 36 
test1 64 54 48 69 96 58 
test1 4 70 97 99 1 28 
test1 12 5 88 79 77 19 
test2 73 60 20 2 36 40 
test3 23 41 23 52 66 20 
test3 83 69 27 7 33 86 
test2 34 13 95 30 11 82 
test2 9 90 21 62 45 35 
test3 17 53 64 95 61 26 
test3 12 63 87 22 83 94 
test2 12 60 4 79 60 72 
test1 83 6 67 23 83 36 
test1 95 37 41 29 23 52 
test2 67 42 46 40 16 99 
test2 49 61 17 48 52 11 
test1 82 34 3 34 32 22 
test2 91 59 28 79 80 6 
test1 98 8 35 19 30 60 
test2 56 76 51 33 41 45 
test1 87 25 16 21 11 12 
test2 79 81 20 36 46 71 
test3 32 13 37 97 28 81 
test1 67 21 51 42 77 46 
test2 22 72 29 55 53 38 
test3 77 82 25 11 64 3 
test2 75 75 58 26 38 75 
test3 75 77 95 13 56 28 
test2 33 3 56 72 12 81 
test1 95 3 4 53 27 63 
test3 71 78 67 81 46 33 
test2 3 56 19 42 41 32 
test1 23 33 5 72 25 56 
test1 91 61 18 96 31 16 
test1 22 56 16 69 77 45 
test2 18 92 53 97 96 89 
test3 75 53 67 83 84 37 
test3 57 35 65 79 52 55 
test3 54 70 21 38 98 35 
test1 5 79 34 44 11 34 
test2 31 76 11 45 10 78 
test1 77 78 46 14 22 12 
test1 37 76 5 68 23 90 
test1 51 35 73 11 59 21 
test1 60 47 73 30 51 1 
test1 56 17 17 5 90 98 
test2 10 3 18 38 31 69 
test2 80 43 75 31 5 16 
test2 50 93 66 46 48 48 
test3 52 92 97 39 29 5 
test1 10 29 53 10 70 57 
test1 81 61 9 71 87 20 
test3 37 18 45 11 83 36 
test2 64 68 13 24 79 27 
test3 71 89 11 43 26 83 
test1 43 79 3 8 92 36 
test2 64 18 3 65 93 11 
test3 65 65 88 24 64 53 
test1 6 95 31 47 60 62 
test3 14 74 13 10 97 21 
test1 67 8 76 58 95 36 
test2 69 67 66 87 94 79 
test2 69 17 98 99 52 35 
test3 23 33 13 80 78 4 
test2 53 62 23 62 9 1 
test2 22 62 36 98 65 31 
test3 6 56 82 6 97 90 
test3 95 51 47 59 55 90 
test2 80 28 22 25 77 19 
test3 79 36 72 85 2 20 
test3 28 79 28 6 25 83 
test3 28 1 39 71 40 91 
test3 40 87 58 46 87 32 
test2 24 48 92 63 26 93 
test3 46 73 45 82 22 60 
test1 20 16 19 79 49 19 
test2 43 61 87 88 84 87 
test3 82 31 29 23 99 56 
test1 66 7 8 67 87 53 
test1 52 86 52 49 28 38 
test1 82 8 74 43 34 35 
test2 18 97 5 45 98 44 
test2 9 56 87 66 27 94 
test2 51 31 9 34 19 46 
test1 65 9 36 2 33 11 
test3 46 4 72 30 54 29 
test1 28 74 98 33 19 59 
test2 17 19 18 97 90 97 
test1 89 16 17 37 74 14 
test2 52 8 13 17 62 10 
test3 33 81 80 62 22 87 
test1 89 71 52 51 63 50 
test2 77 57 96 76 58 62 
test3 76 63 5 25 5 34 
test1 40 21 19 4 75 54 
test2 16 40 78 79 6 1 
test3 58 97 77 59 47 65 
test1 66 89 93 58 87 73 
test3 63 60 84 36 14 71 
test1 2 81 31 27 7 34 
test2 1 50 77 82 13 8 
test2 19 88 81 27 32 58 
test3 56 83 23 90 32 27 
test2 68 52 62 43 49 52 
test1 66 60 72 24 55 19 
test3 40 62 81 97 66 79 
test1 49 48 89 43 50 65 
test3 9 23 50 2 85 7 
test2 75 46 43 71 90 83 
test3 65 68 71 77 69 34 
test3 13 89 98 71 25 36 
test2 86 23 97 74 59 81 
test3 67 57 77 57 4 95 
test2 14 32 26 4 56 15 
test2 84 24 48 41 72 63 
test2 13 71 67 55 1 47 
test3 1 71 48 82 31 16 
test1 59 32 3 37 61 20 
test2 47 38 84 91 99 22 
test3 33 22 8 23 49 38 
test3 41 59 86 1 86 94 
test1 9 42 66 76 19 54 
test1 28 43 48 5 72 50 
test2 27 5 45 24 2 17 
test2 8 7 26 55 52 54 
test2 32 80 20 30 8 38 
test2 44 75 48 51 6 96 
test1 4 34 57 72 31 32 
test3 12 17 21 90 30 59 
test2 50 88 23 85 78 6 
test3 98 20 31 24 1 93 
test3 74 99 75 61 8 13 
test2 8 63 93 8 9 5 
test1 16 18 84 7 88 72 
test2 88 66 87 1 60 38 
test1 38 15 3 95 44 51 
test3 32 36 14 77 70 47 
test3 99 71 42 31 28 78 
test2 9 95 74 99 14 90 
test2 66 28 87 77 7 90 
test1 47 3 89 39 69 57 
test3 13 79 59 16 1 90 
test1 80 52 60 71 29 63 
test3 24 49 74 61 43 33 
test2 24 34 37 96 80 31 
test3 18 81 55 75 9 91 
test2 60 41 30 36 67 84 
test3 38 10 24 25 66 5 
test1 56 46 27 56 21 81 
test3 69 49 68 87 4 67 
test3 84 51 71 60 12 85 
test2 68 32 13 48 3 46 
test2 96 13 57 62 63 34 
test3 44 14 35 67 81 40 
test3 27 12 47 90 45 79 
test3 90 27 26 82 57 4 
test2 10 15 52 28 60 27 
test2 40 44 32 5 90 16 
test1 74 40 83 61 93 2 
test3 74 52 31 14 18 30 
test1 53 21 19 66 82 82 
test1 67 17 11 12 16 34 
test3 5 65 12 39 60 91 
test3 63 3 32 15 28 48 
test1 71 21 13 1 27 93 
test1 33 5 29 92 46 2 
test2 97 29 27 30 23 42 
test2 76 65 45 38 40 79 
test1 49 61 86 89 83 15 
test3 51 84 5 73 79 92 
test3 78 8 37 31 97 5 
test3 51 19 82 54 25 70 
test3 60 3 82 54 25 86 
test3 76 29 73 83 62 26 
test3 87 62 94 22 48 90 
test3 6 19 77 29 44 7 
test2 41 36 66 99 94 53 
test3 97 9 52 58 31 17 
test1 47 3 37 44 78 41 
test2 69 90 18 41 33 41 
test2 62 65 93 42 47 85 
test2 47 69 5 68 57 80 
test3 81 99 76 68 71 79 
test1 19 18 24 78 71 24 
test1 17 92 45 28 50 49 
test2 89 78 49 96 46 75 
test3 78 57 19 12 93 81 
test3 85 9 13 11 83 74 
test2 95 49 92 30 85 32 
test3 87 30 65 19 8 36 
test3 20 87 66 15 8 29 
test1 89 16 30 20 50 23 
test2 90 87 3 21 95 2 
test1 21 4 43 8 40 12 
test1 18 35 94 65 3 93 
test2 59 64 19 49 2 76 
test2 26 83 21 67 25 23 
test1 74 32 39 53 58 99 
test2 56 33 98 76 59 74 
test1 14 39 78 13 49 74 
test2 87 95 41 80 97 36 
test1 39 96 17 87 21 3 
test3 64 96 58 53 41 7 
test3 30 49 12 38 6 62 
test2 87 73 42 21 54 6 
test1 54 45 29 40 12 68 
test3 45 40 4 21 18 77 
test1 71 37 8 27 21 28 
test1 30 93 45 99 23 43 
test3 33 57 94 4 95 25 
test2 81 45 95 95 52 10 
test2 55 93 74 16 87 29 
test2 36 86 57 27 61 45 
test2 57 24 98 75 12 81 
test2 36 51 30 5 75 79 
test3 34 72 15 72 2 45 
test2 36 94 77 45 99 39 
test2 46 89 73 76 58 17 
test3 28 41 97 57 92 4 
test1 68 30 11 23 21 93 
test3 73 36 71 69 95 95 
test2 69 46 77 40 41 23 
test1 33 40 2 39 40 69 
test3 62 88 93 40 49 94 
test1 59 63 65 63 30 89 
test3 55 71 38 5 96 78 
test3 85 54 8 27 37 62 
test1 37 24 26 57 89 82 
test2 50 81 95 58 12 16 
test2 16 67 7 31 4 56 
test2 87 62 70 21 63 30 
test2 97 40 22 46 71 20 
test1 93 51 95 39 77 31 
test3 57 39 2 90 9 20 
test3 22 81 23 30 5 68 
test2 1 77 24 38 31 23 
test2 6 68 57 80 91 16 
test2 44 97 4 33 51 47 
test3 34 44 90 64 64 47 
test3 9 36 86 52 74 56 
test3 63 15 56 1 56 36 
test1 58 12 48 2 34 9 
test1 62 26 78 26 69 55 
test1 14 71 63 88 62 85 
test1 99 98 61 30 95 46 
test3 10 18 90 27 7 58 
test2 38 82 60 61 90 61 
test3 69 23 56 22 6 64 
test1 18 48 46 35 25 9 
test2 84 59 39 81 82 21 
test2 86 82 18 34 37 58 
test3 9 88 22 36 46 35 
test3 2 33 49 61 56 78 
test3 84 40 76 55 87 31 
test1 30 78 72 10 89 81 
test3 90 46 21 1 6 80 
test2 40 48 36 50 41 17 
test3 16 25 71 30 56 28 
test1 5 11 13 96 97 46 
test2 69 85 16 43 52 16 
test1 20 94 57 50 38 15 
test3 33 66 48 71 38 79 
test2 74 68 27 27 46 77 
test1 5 46 94 52 10 69 
test1 80 38 94 71 26 97 
test3 18 10 74 78 90 2 
test1 57 94 55 47 57 8 
test2 60 35 86 8 55 9 
test2 18 47 27 65 1 3 
test1 1 56 11 80 99 36 
test3 93 18 27 76 64 40 
test1 43 43 73 18 73 27 
test3 23 1 46 47 22 57 
test2 13 35 32 94 39 75 
test2 25 85 35 29 31 2 
test2 47 39 88 13 12 50 
test3 61 6 85 80 98 79 
test2 93 39 6 23 36 30 
test1 38 78 98 33 9 13 
test1 61 44 38 42 61 43 
test2 90 86 53 95 59 78 
test1 54 21 34 24 57 88 
test3 42 64 55 88 25 19 
test1 26 80 29 60 44 83 
test3 33 30 14 20 86 81 
test3 53 63 80 86 79 38 
test1 3 51 41 18 79 70 
test1 90 38 27 66 42 42 
test2 51 56 74 20 70 65 
test2 77 69 9 78 93 67 
test2 49 68 66 43 37 30 
test2 42 88 13 51 6 11 
test2 41 40 3 51 8 44 
test3 30 61 18 18 64 83 
test2 40 1 29 1 74 3 
test3 91 92 14 78 31 74 
test2 72 61 21 12 69 36 
test1 68 19 86 10 73 42 
test2 39 25 25 69 18 16 
test2 82 83 80 68 4 64 
test2 61 39 7 41 1 81 
test3 8 35 76 49 17 92 
test1 16 44 85 75 59 18 
test2 63 34 80 95 72 79 
test2 61 9 45 48 88 21 
test2 86 86 7 64 93 9 
test3 73 39 10 91 88 98 
test3 57 96 93 4 60 30 
test3 56 33 27 34 93 15 
test3 53 70 87 74 23 59 
test2 70 95 74 5 97 31 
test2 64 24 35 85 53 29 
test2 66 57 12 74 47 81 
test2 33 8 28 84 25 11 
test3 39 5 9 61 29 63 
test1 2 34 16 55 54 54 
test2 21 49 29 9 74 58 
test2 91 15 76 11 28 38 
test2 10 41 49 52 94 4 
test1 38 3 99 10 99 50 
test3 81 58 53 78 66 88 
test3 56 61 72 63 82 42 
test3 93 82 5 58 79 22 
test3 73 33 60 99 38 19 
test1 19 16 63 26 25 92 
test2 49 23 63 75 70 32 
test3 76 33 49 56 90 30 
test2 49 25 80 49 10 17 
test3 47 45 95 91 68 83 
test3 5 20 71 86 26 8 
test3 59 27 64 52 23 37 
test3 39 69 15 61 42 58 
test3 10 45 12 86 48 81 
test1 74 90 51 58 78 9 
test1 30 30 57 20 42 70 
test2 41 18 72 80 69 38 
test2 8 77 29 72 38 14 
test1 49 25 86 75 69 16 
test3 55 33 46 39 70 40 
test1 52 57 49 28 70 62 
test3 13 36 59 39 93 30 
test2 70 41 11 80 85 36 
test3 63 5 2 45 29 81 
test2 35 25 56 1 65 27 
test2 12 77 30 10 98 80 
test3 55 3 18 90 57 50 
test1 28 47 87 25 34 21 
test2 73 92 49 14 28 99 
test1 8 42 50 81 18 50 
test3 38 88 64 62 6 29 
test2 97 68 38 96 47 98 
test1 77 40 29 11 99 53 
test2 35 97 48 75 80 7 
test1 41 8 45 28 56 10 
test3 77 7 25 35 25 21 
test3 23 10 7 90 11 83 
test3 5 32 13 34 28 7 
test1 20 77 58 95 87 65 
test3 9 80 34 2 72 17 
test2 58 97 29 5 53 61 
test2 41 49 86 41 8 20 
test1 15 16 31 56 77 87 
test3 60 77 62 94 83 28 
test2 31 31 43 35 28 89 
test1 82 37 15 20 66 94 
test1 42 53 90 77 84 70 
test3 84 89 40 21 78 9 
test1 7 92 41 39 46 84 
test3 7 81 71 61 80 78 
test1 54 26 12 48 50 47 
test1 35 46 58 55 91 15 
test2 20 53 71 63 49 17 
test3 61 64 71 54 29 72 
test2 60 14 44 96 68 16 
test1 63 7 4 16 90 91 
test2 62 81 5 38 27 24 
test2 79 36 63 11 15 6 
test3 80 6 97 21 25 49 
test3 81 40 64 8 51 12 
test1 51 6 83 47 87 43 
test3 64 91 91 56 24 29 
test3 82 95 40 26 14 65 
test1 12 28 72 39 95 88 
test2 38 78 48 58 88 95 
test2 92 98 50 75 77 3 
test1 26 65 67 16 63 4 
test1 58 68 42 49 81 17 
test1 2 23 41 90 75 96 
test2 68 74 32 82 72 77 
test1 94 18 60 19 25 47 
test2 27 70 90 68 79 22 
test3 12 64 61 55 19 49 
test1 95 59 57 39 25 49 
test3 39 15 97 48 7 47 
test2 47 60 33 24 5 71 
test1 42 4 27 45 62 22 
test1 13 78 63 94 68 71 
test2 81 10 91 49 25 39 
test2 37 18 85 69 9 87 
test1 90 19 79 57 7 84 
test3 15 62 17 36 46 45 
test2 60 82 58 37 55 9 
test2 67 34 32 33 5 12 
test3 39 98 86 75 56 8 
test3 47 73 24 67 53 19 
test2 44 49 17 35 99 81 
test3 20 15 98 31 22 16 
test2 70 48 69 89 8 63 
test2 79 6 95 24 91 62 
test1 24 79 72 78 1 15 
test1 29 76 73 44 21 29 
test3 96 81 26 74 80 80 
test3 24 76 20 49 42 78 
test2 61 75 30 37 5 9 
test3 43 12 67 51 82 42 
test1 73 45 94 89 47 6 
test3 87 64 81 43 78 33 
test1 19 8 14 23 75 91 
test2 84 42 85 74 21 64 
test2 59 79 56 63 22 42 
test3 1 84 18 74 64 68 
test3 85 74 21 36 52 87 
test2 65 25 13 49 67 4 
test1 84 25 90 80 58 64 
test3 80 24 93 61 11 4 
test2 8 67 7 74 16 60 
test1 21 94 88 94 91 82 
test3 11 36 5 43 63 65 
test3 24 15 71 42 12 72 
test2 35 7 47 37 3 73 
test2 85 7 70 41 94 85 
test2 14 62 18 12 79 23 
test3 31 3 88 76 91 35 
test2 80 16 21 44 21 1 
test1 48 28 35 6 74 82 
test2 65 91 1 48 17 57 
test1 4 49 79 14 60 59 
test2 8 68 52 9 71 40 
test3 28 42 49 26 67 74 
test3 82 30 66 13 65 47 
test2 74 43 26 88 59 39 
test2 57 76 49 15 64 92 
test3 53 89 17 62 58 75 
test2 20 98 39 23 37 22 
test3 2 23 31 71 30 19 
test2 2 48 60 86 95 54 
test2 36 40 32 62 71 12 
test3 78 71 17 71 76 93 
test3 50 8 98 82 43 86 
test2 55 86 40 12 95 59 
test3 49 30 59 93 51 11 
test2 24 87 20 52 66 33 
test2 79 38 21 43 44 62 
test1 96 10 86 42 32 62 
test3 54 91 24 49 59 10 
test1 90 2 33 85 93 16 
test1 47 55 40 46 73 18 
test1 9 45 32 23 38 88 
test2 71 41 87 8 96 92 
test1 10 22 8 42 19 64 
test3 36 1 4 89 73 78 
test3 53 78 79 28 9 87 
test1 88 40 39 71 9 97 
test2 66 92 60 76 63 74 
test3 32 5 38 39 21 8 
test1 51 92 65 42 14 8 
test3 38 95 25 88 61 84 
test1 15 89 62 88 1 11 
test3 30 26 62 54 64 55 
test1 83 15 93 66 34 60 
test2 9 89 58 23 15 40 
test1 56 51 21 43 80 28 
test1 18 67 5 48 60 52 
test1 40 57 26 73 51 49 
test2 39 14 42 18 86 19 
test1 96 5 21 78 69 56 
test1 25 82 73 87 52 91 
test1 23 65 76 98 49 55 
test2 37 27 82 73 29 88 
test1 3 81 24 19 65 37 
test1 2 48 56 83 64 90 
test3 75 66 89 98 72 99 
test2 12 85 13 56 76 74 
test3 33 77 33 3 34 83 
test3 41 63 78 41 3 97 
test1 85 8 1 17 36 26 
test3 78 23 9 10 54 47 
test2 71 22 96 98 23 34 
test2 7 75 20 89 25 26 
test3 46 80 25 55 9 76 
test3 84 77 76 60 53 32 
test2 74 81 7 49 47 34 
test3 22 69 62 25 41 73 
test1 83 79 12 23 19 89 
test2 52 18 48 91 95 91 
test1 64 40 71 16 59 75 
test1 85 81 8 75 88 56 
test3 38 5 54 16 60 72 
test2 16 40 44 55 83 88 
test2 53 9 41 34 96 18 
test3 33 94 88 15 66 46 
test3 71 43 77 17 45 57 
test1 77 44 43 78 11 18 
test1 41 99 17 25 97 98 
test3 14 44 12 33 31 64 
test3 30 76 35 84 11 12 
test1 75 5 74 40 3 75 
test2 22 50 69 63 23 68 
test2 93 85 20 76 11 58 
test3 85 32 16 52 90 19 
test3 92 43 70 9 56 25 
test1 8 14 35 30 63 5 
test2 32 79 17 94 56 81 
test1 17 58 4 21 21 39 
test1 35 84 24 79 40 32 
test2 93 42 26 5 81 99 
test1 32 22 68 77 46 88 
test3 98 15 14 47 96 46 
test3 48 47 42 19 14 98 
test1 9 79 2 34 11 52 
test3 77 42 13 85 96 98 
test3 21 15 40 68 6 54 
test1 31 62 42 19 96 94 
test2 2 9 28 3 35 89 
test2 12 14 10 84 42 5 
test1 54 63 55 40 5 32 
test1 64 98 21 63 96 88 
test2 87 37 39 33 57 11 
test1 22 85 13 56 39 85 
test1 61 27 57 76 56 78 
test3 23 30 33 76 73 88 
test2 31 16 44 78 43 1 
test3 95 64 53 9 51 85 
test1 1 16 21 56 23 78 
test2 32 2 58 4 25 94 
test2 93 3 51 96 84 76 
test3 22 16 47 25 27 62 
test3 1 42 93 64 33 73 
test3 30 78 96 22 63 81 
test2 3 36 65 44 84 18 
test1 56 24 73 15 20 33 
test3 84 53 17 96 80 76 
test2 82 44 28 32 96 29 
test2 38 93 54 89 92 70 
test2 68 41 17 54 23 74 
test2 26 13 2 57 68 59 
test1 25 2 3 81 34 60 
test3 16 39 66 97 47 47 
test3 50 90 48 54 65 41 
test2 4 18 80 79 12 88 
test1 5 29 42 34 56 32 
test2 9 27 97 32 83 34 
test3 21 76 39 9 81 13 
test1 55 19 65 84 45 61 
test3 14 25 54 12 48 7 
test3 58 61 55 96 75 40 
test1 32 18 29 90 40 29 
test2 9 23 48 4 40 7 
test1 62 63 86 87 29 58 
test1 44 69 87 20 16 50 
test3 53 31 20 64 11 69 
test1 99 84 84 92 23 42 
test1 61 25 96 18 7 1 
test2 1 71 6 96 94 16 
test3 40 34 18 88 24 36 
test2 92 40 8 58 95 97 
test1 13 43 10 93 64 50 
test1 7 19 94 38 24 98 
test2 74 4 95 67 34 86 
test1 43 14 30 21 67 37 
test1 41 29 22 97 36 97 
test2 39 89 97 39 8 92 
test2 34 85 58 47 69 36 
test1 31 95 74 12 32 57 
test1 27 42 74 77 5 42 
test2 99 26 5 99 44 81 
test2 26 30 71 87 82 56 
test1 16 50 14 82 52 48 
test3 8 49 38 60 25 17 
test2 38 60 26 63 53 57 
test3 53 84 74 68 34 33 
test1 87 87 67 78 65 65 
test3 39 92 69 66 12 43 
test2 98 80 80 69 49 17 
test1 6 80 42 9 7 52 
test1 51 9 68 6 13 77 
test2 64 96 44 5 33 73 
test3 86 31 38 55 82 57 
test3 8 60 31 65 48 58 
test2 42 56 33 79 53 40 
test2 12 24 99 49 52 18 
test2 96 9 55 55 32 50 
test1 77 37 38 94 56 58 
test3 97 79 42 66 21 60 
test3 22 73 50 55 17 60 
test1 48 31 5 82 31 70 
test3 35 76 43 71 9 95 
test2 50 39 2 98 53 95 
test3 72 13 43 21 87 98 
test2 17 85 96 68 24 96 
test2 33 66 31 10 1 3 
test3 81 78 73 21 62 52 
test3 30 22 92 42 52 86 
test3 86 47 54 39 19 54 
test3 40 66 54 97 60 74 
test2 34 66 97 44 77 38 
test1 99 32 30 37 55 36 
test1 42 93 26 79 80 84 
test3 46 90 7 54 7 15 
test1 99 17 33 9 86 35 
test3 31 46 74 44 11 65 
test2 2 55 5 94 85 57 
test3 21 23 75 79 60 19 
test3 61 88 98 38 76 61 
test3 45 5 37 96 73 11 
test2 32 50 32 46 18 62 
test1 94 77 27 18 49 95 
test2 15 85 93 93 97 72 
test1 2 9 91 20 86 15 
test3 74 48 32 6 80 77 
test1 27 32 59 84 37 20 
test2 87 91 7 20 48 28 
test1 53 71 29 73 94 21 
test1 74 3 11 28 45 60 
test2 4 63 82 25 19 95 
test2 88 38 44 71 67 91 
test2 69 93 27 28 71 39 
test3 75 63 94 53 99 38 
test2 98 22 87 70 40 39 
test3 43 68 65 74 34 10 
test2 77 75 78 86 43 13 
test2 61 99 47 7 96 23 
test1 51 59 52 66 6 25 
test2 52 22 98 65 26 83 
test1 77 61 95 92 93 95 
test1 22 65 62 73 29 89 
test1 16 28 84 95 99 86 
test2 94 91 86 66 73 6 
test1 71 49 35 43 77 31 
test2 54 91 39 85 80 27 
test3 23 47 40 16 71 44 
test2 57 61 1 67 27 98 
test1 19 86 40 26 14 80 
test2 48 53 3 97 20 88 
test2 28 44 9 97 96 85 
test3 21 9 58 55 39 84 
test3 45 29 27 24 9 61 
test3 24 47 73 86 86 95 
test2 5 90 54 42 40 13 
test2 74 15 13 85 83 26 
test2 87 43 68 95 82 57 
test3 6 36 8 64 38 70 
test2 97 59 72 60 62 39 
test1 52 68 14 85 32 72 
test3 32 71 38 46 17 70 
test3 96 21 85 5 18 36 
test1 90 70 59 12 87 33 
test1 40 37 52 57 14 86 
test1 44 7 22 12 33 79 
test2 2 68 82 54 92 87 
test3 71 39 62 24 22 61 
test2 33 73 7 69 26 48 
test1 8 45 5 92 68 10 
test2 68 71 21 21 73 15 
test3 3 82 49 40 5 78 
test1 44 16 91 63 87 33 
test2 99 71 44 18 84 36 
test1 54 66 52 79 53 33 
test2 72 44 47 43 60 96 
test3 14 78 39 62 54 68 
test1 42 31 77 40 75 51 
test3 80 93 7 91 48 25 
test1 76 96 41 70 99 61 
test2 34 28 43 36 47 59 
test3 93 34 81 95 10 40 
test1 82 33 67 79 76 17 
test1 55 81 32 75 41 73 
test1 74 34 16 19 60 52 
test1 79 87 10 88 79 71 
test2 33 50 50 39 72 70 
test2 9 24 13 35 61 51 
test1 66 67 77 24 7 95 
test2 54 78 80 18 37 58 
test1 51 16 55 40 10 86 
test3 75 16 31 54 29 44 
test3 9 93 77 11 53 75 
test3 38 32 53 26 30 87 
test3 51 45 23 83 40 54 
test3 38 16 75 38 63 34 
test2 92 67 4 53 26 1 
test3 20 99 94 34 31 95 
test1 89 22 68 12 46 31 
test2 11 67 85 91 1 60 
test3 31 13 80 35 87 93 
test2 47 89 8 86 81 10 
test3 4 59 98 67 95 47 
test3 32 17 33 11 45 63 
test3 58 35 74 41 27 35 
test2 57 4 79 69 99 5 
test3 85 76 37 51 32 74 
test1 35 36 40 87 32 36 
test1 35 11 31 25 10 90 
test2 80 77 81 94 46 89 
test1 59 1 83 92 97 78 
test1 52 55 61 7 99 68 
test1 34 6 89 91 92 72 
test2 74 84 48 90 97 35 
test2 11 28 25 98 1 3 
test3 69 57 52 40 13 59 
test1 36 4 42 91 34 44 
test1 42 27 8 90 15 27 
test3 68 52 12 21 46 23 
test1 99 62 39 95 11 31 
test3 14 28 22 56 43 82 
test3 31 23 70 12 77 2 
test3 46 78 7 86 5 36 
test3 3 40 34 19 75 36 
test2 2 87 38 59 88 72 
test2 63 47 87 4 41 88 
test2 63 7 38 97 54 19 
test2 66 24 83 48 75 57 
test2 82 91 89 27 90 50 
test2 96 3 21 88 44 24 
test1 48 5 1 63 86 7 
test3 26 79 8 79 81 1 
test2 8 65 15 96 18 44 
test1 70 52 33 10 45 3 
test3 7 32 19 59 7 76 
test1 51 39 3 22 13 99 
test3 62 66 71 74 91 75 
test3 47 32 44 12 66 91 
test1 84 52 68 65 89 51 
test3 71 78 69 61 11 50 
test1 69 32 36 36 11 61 
test2 35 45 51 65 85 68 
test2 70 92 11 53 95 26 
test1 91 99 25 30 87 48 
test3 68 68 25 42 36 24 
test2 37 97 30 80 26 70 
test1 16 99 77 43 30 45 
test1 78 44 69 69 44 45 
test1 85 42 36 92 65 98 
test2 74 73 3 45 11 30 
test2 27 71 19 50 97 4 
test3 11 4 91 71 15 59 
test1 28 81 54 90 37 76 
test1 72 90 11 29 64 17 
test2 86 15 65 64 17 50 
test1 38 37 64 32 79 26 
test1 4 32 78 10 82 45 
test1 69 43 90 42 30 89 
test2 66 52 27 90 95 29 
test3 18 49 65 19 40 47 
test3 40 35 88 32 54 38 
test3 62 86 31 79 18 99 
test3 57 59 49 8 37 97 
test2 69 65 45 27 7 46 
test3 81 86 70 59 67 14 
test2 60 90 80 1 99 9 
test3 31 76 17 99 66 95 
test2 79 56 22 51 66 61 
test1 65 94 8 27 56 69 
test3 38 61 81 29 67 44 
test3 43 85 92 11 36 42 
test1 16 62 20 41 79 82 
test1 80 1 1 73 47 16 
test1 21 6 65 40 12 88 
test1 38 94 53 11 91 98 
test2 92 28 77 86 30 7 
test3 70 62 91 11 60 44 
test3 84 68 73 96 64 13 
test2 11 34 43 67 16 32 
test3 2 40 59 93 43 64 
test3 95 12 53 70 13 69 
test2 79 24 46 87 2 15 
test3 48 62 79 70 92 75 
test2 15 24 72 86 4 4 
test1 92 52 98 21 88 31 
test1 4 45 81 72 4 71 
test1 30 32 11 23 89 65 
test1 90 5 77 44 68 20 
test2 49 18 77 69 47 9 
test1 69 6 40 38 16 53 
test2 23 74 5 55 8 74 
test1 36 53 34 92 76 47 
test3 29 73 57 10 80 71 
test3 10 11 7 42 21 53 
test1 30 89 30 46 62 55 
test1 78 76 48 20 40 7 
test2 15 44 29 66 19 50 
test3 51 65 36 73 20 83 
test1 67 78 60 25 73 68 
test2 88 83 41 24 64 18 
test2 54 35 48 70 93 75 
test3 97 69 20 33 74 8 
test1 84 98 8 69 87 72 
test2 89 57 42 91 15 92 
test2 60 63 14 37 33 27 
test2 42 5 77 78 12 10 
test2 3 47 26 88 51 61 
test1 21 67 96 5 44 39 
test1 82 3 2 10 69 16 
test2 63 71 41 39 2 74 
test2 53 26 20 80 17 24 
test1 78 16 38 95 83 57 
test2 23 60 19 20 72 12 
test2 55 15 71 24 49 20 
test3 22 9 86 47 10 4 
test2 92 96 70 43 55 87 
test2 70 26 22 43 50 62 
test3 22 94 76 20 69 84 
test3 98 69 27 64 15 14 
test2 74 1 89 2 88 80 
test3 30 98 8 25 53 26 
test3 82 87 76 52 22 25 
test3 92 21 90 1 99 37 
test3 41 99 64 91 26 74 
test2 88 11 81 81 3 78 
test2 73 8 33 47 35 80 
test1 17 49 88 49 84 71 
test2 5 35 41 48 42 63 
test3 4 70 45 62 39 14 
test1 44 22 9 64 52 38 
test3 22 21 82 50 75 55 
test2 5 59 39 29 39 78 
test3 21 19 99 82 9 65 
test1 38 41 30 2 81 1 
test1 58 57 98 49 20 75 
test1 65 7 91 86 39 90 
test2 84 16 5 57 72 44 
test1 59 13 63 98 86 38 
test1 77 86 72 80 3 21 
test3 25 93 92 99 43 51 
test1 47 59 84 19 9 1 
test3 52 29 64 24 28 3 
test3 25 62 26 17 35 4 
test1 73 78 81 21 88 70 
test3 72 31 67 90 5 29 
test2 54 54 87 34 84 59 
test1 17 84 41 73 97 54 
test2 89 31 88 22 76 75 
test1 93 35 86 42 26 5 
test1 7 41 87 28 13 61 
test3 70 53 55 74 64 31 
test2 89 99 76 11 37 63 
test2 1 16 98 66 76 41 
test1 69 50 46 58 23 84 
test2 41 27 79 11 98 1 
test3 83 24 47 36 36 58 
test2 69 6 84 36 78 33 
test2 21 56 8 64 43 45 
test2 53 89 3 61 69 93 
test1 64 4 71 21 34 62 
test3 65 21 24 14 35 97 
test1 74 87 90 86 33 15 
test1 48 30 4 28 64 39 
test2 78 93 8 59 18 47 
test2 27 10 97 58 50 82 
test3 72 78 2 70 49 51 
test1 34 65 91 74 1 61 
test1 97 88 33 85 61 53 
test2 80 13 14 31 49 99 
test1 52 15 20 60 41 99 
test2 7 31 26 27 89 52 
test3 36 33 82 62 62 62 
test1 66 21 87 31 99 44 
test1 93 64 95 38 95 56 
test2 70 89 48 25 16 91 
test1 52 5 73 55 2 30 
test1 60 65 65 61 42 22 
test2 67 91 88 67 46 12 
test3 86 20 41 66 29 44 
test1 33 86 25 73 97 8 
test2 10 33 41 7 68 36 
test3 54 17 25 95 5 23 
test2 41 54 2 57 77 54 
test1 17 84 89 61 94 97 
test1 10 91 22 92 62 64 
test3 43 42 11 29 23 10 
test1 12 37 53 70 52 83 
test1 20 39 51 54 81 38 
test1 96 12 17 91 39 86 
test3 38 68 74 23 93 8 
test3 97 9 43 60 73 73 
test1 79 83 84 64 44 13 
test3 41 29 62 10 22 25 
test2 17 98 60 55 76 10 
test3 66 32 39 9 30 57 
test1 87 18 39 33 93 79 
test3 23 88 21 96 65 79 
test3 9 74 3 19 65 55 
test1 70 57 47 92 3 44 
test3 32 36 36 58 50 32 
test3 1 70 97 10 19 7 
test1 17 14 77 47 57 3 
test3 13 68 61 45 26 87 
test2 5 17 99 73 42 49 
test2 88 35 10 17 11 44 
test1 2 86 5 83 29 57 
test2 7 7 75 4 51 72 
test2 3 67 40 9 12 2 
test3 38 4 32 31 83 91 
test3 28 23 1 47 44 54 
test1 96 25 5 5 6 66 
test2 91 76 48 31 60 87 
test1 97 95 76 18 28 6 
test2 86 38 27 97 41 93 
test2 13 18 65 4 20 9 
test3 10 44 52 43 76 84 
test3 95 66 76 24 48 90 
test2 4 16 59 16 74 4 
test1 32 77 68 62 85 70 
test1 18 20 78 32 11 33 
test1 54 20 89 5 8 69 
test2 17 60 48 37 32 89 
test1 60 27 13 43 8 94 
test3 29 3 52 56 29 66 
test2 42 94 58 99 38 86 
test2 58 32 91 69 96 87 
test1 12 98 66 31 77 65 
test2 43 72 46 52 63 7 
test1 58 2 96 38 9 4 
test3 59 57 2 44 67 73 
test2 12 99 48 39 93 60 
test3 6 92 28 73 41 38 
test1 74 84 73 62 15 56 
test3 24 22 59 13 77 27 
test3 4 79 56 26 63 59 
test3 89 77 36 22 84 8 
test2 59 72 8 8 95 92 
test2 81 72 89 43 12 98 
test3 84 60 73 50 12 96 
test2 88 29 58 78 40 34 
test1 62 23 65 38 54 99 
test1 18 28 66 7 3 34 
test3 69 46 28 32 16 79 
test3 60 52 40 51 17 23 
test3 55 36 1 21 1 89 
test2 8 18 80 67 35 98 
test1 39 31 70 70 20 96 
test1 56 58 51 10 42 19 
test2 48 88 61 83 66 75 
test1 11 7 38 42 47 71 
test2 17 66 75 92 17 31 
test1 83 89 18 75 81 69 
test2 20 28 39 12 98 13 
test1 96 48 13 88 91 96 
test3 24 83 32 39 50 98 
test2 29 97 93 49 33 2 
test2 19 81 29 38 90 92 
test1 44 91 80 76 50 51 
test3 67 13 27 67 85 49 
test1 86 86 55 49 11 84 
test3 26 9 84 25 17 11 
test2 6 61 66 42 4 34 
test3 64 75 33 3 65 87 
test3 42 7 83 70 77 85 
test3 24 95 7 16 33 34 
test2 95 61 63 56 5 51 
test3 9 12 85 79 17 93 
test3 35 14 77 18 94 46 
test2 97 74 73 58 58 58 
test1 88 75 87 9 86 76 
test2 36 76 79 4 76 23 
test1 49 22 37 97 10 12 
test1 75 52 30 10 57 83 
test3 11 5 23 35 8 85 
test2 88 16 53 21 74 22 
test3 26 76 8 98 99 16 
test3 87 27 25 13 51 17 
test3 13 60 25 58 71 18 
test3 71 92 2 90 53 40 
test3 70 47 64 4 28 68 
