140239161939712
140239070820096
140239070820096
140239070820096
140239037249280
140239070820096
140239070820096
140239070820096
140239070820096
140238433269504
140238433269504
140238424876800
140238424876800
140237929969408
140237921576704
140237921576704
140237921576704
140239161939712
140239062427392
140237888005888
140239054034688
140239045641984
140239062427392
140239045641984
140239028856576
140239028856576
140238458447616
140238450054912
140238441662208
140239070820096
140239054034688
140239054034688
140238416484096
140238441662208
140237929969408
140237913184000
140237904791296
140239153547008
140237896398592
140238424876800
140239037249280
140239062427392
140239045641984
140239020463872
140238433269504
140239062427392
140239062427392
140238416484096
140239070820096
140238416484096
140239070820096
140238416484096
140239020463872
140239045641984
140239161939712
140239062427392
140239045641984
140239062427392
140239062427392
140238441662208
140238441662208
140238433269504
140238441662208
140238441662208
140239161939712
140239161939712
140239054034688
140239054034688
140239054034688
140239054034688
140237929969408
140239054034688
140237921576704
140237921576704
140237904791296
140237896398592
140237888005888
140237888005888
140237888005888
140237888005888
140237888005888
140237376313088
140237376313088
140237376313088
140237342742272
140237342742272
140237342742272
140237342742272
140238466840320
140236831049472
140238466840320
140238466840320
140236814264064
140239161939712
140239161939712
140236302571264
140236294178560
140237929969408
140237929969408
140237929969408
140235774093056
140237904791296
140237896398592
140237879613184
140237393098496
140237384705792
140237888005888
140237367920384
140239062427392
140237351134976
140237376313088
140236856227584
140236847834880
140236839442176
140237929969408
140237929969408
140237342742272
140239020463872
140238466840320
140236805871360
140236814264064
140239028856576
140236319356672
140236310963968
140238450054912
140238424876800
140236302571264
140236285785856
140236294178560
140239054034688
140236269000448
140237913184000
140235782485760
140237921576704
140236856227584
140235782485760
140235782485760
140236269000448
140238416484096
140239062427392
140238416484096
140238458447616
140239161939712
140239062427392
140238458447616
140239062427392
140239062427392
140239028856576
140239062427392
140239045641984
140237904791296
140237904791296
140237904791296
140237904791296
140237913184000
140237879613184
140238433269504
140236822656768
140236822656768
140237384705792
140239161939712
140236277393152
140238458447616
140236822656768
140239161939712
140237384705792
140237376313088
140238450054912
140238424876800
140237359527680
140239045641984
140239062427392
140237896398592
140237888005888
140237913184000
140236839442176
140237904791296
140237393098496
140238433269504
140239037249280
140238416484096
140236277393152
140236822656768
140239161939712
140239028856576
140238466840320
140239070820096
140236856227584
140236831049472
140237879613184
140236269000448
140239153547008
140238458447616
140239054034688
140239020463872
140237921576704
140235782485760
140236847834880
140237929969408
140238441662208
139887718164224
139887718164224
139887701378816
139887709771520
139887709771520
139887709771520
139887701378816
139887479088896
139887479088896
139887445518080
139887470696192
139887437125376
139887462303488
139887709771520
139887453910784
139887718164224
139887701378816
139887453910784
139887701378816
139886942217984
139887487481600
139887709771520
139887709771520
139887479088896
139887462303488
139887487481600
139887718164224
139887453910784
139886942217984
139887709771520
139887709771520
139887709771520
139887701378816
139887487481600
139887470696192
139887470696192
139887701378816
139887701378816
139887437125376
139886933825280
139887437125376
139886942217984
139887701378816
139887462303488
139886950610688
139887718164224
139887470696192
139887445518080
139887479088896
139886933825280
139887453910784
139887453910784
139887470696192
139886933825280
139887445518080
139887453910784
139887487481600
139887487481600
139887718164224
139886933825280
139887701378816
139887709771520
139887445518080
139887718164224
139887718164224
139887479088896
139887709771520
139887709771520
139887462303488
139887479088896
139887445518080
139887437125376
139887709771520
139887462303488
139887479088896
139887718164224
139887453910784
139886933825280
139887701378816
139887487481600
139887445518080
139887445518080
139887701378816
139887470696192
139887445518080
139887487481600
139886933825280
139887445518080
139887470696192
139887701378816
139887701378816
139887445518080
139887487481600
139886933825280
139887470696192
139887718164224
139887718164224
139886933825280
139886933825280
139887470696192
139886933825280
139886933825280
139887445518080
139887470696192
139887709771520
139887701378816
139887487481600
139887718164224
139887445518080
139887718164224
139887718164224
139887718164224
139887718164224
139887487481600
139887445518080
139887487481600
139887445518080
139887718164224
139887487481600
139887487481600
139887487481600
139887718164224
139887709771520
139887709771520
139887709771520
139887709771520
139887453910784
139887470696192
139887445518080
139887487481600
139887479088896
139887701378816
139887718164224
139887462303488
139887709771520
139887709771520
139887709771520
139887709771520
139887709771520
139887701378816
139887479088896
139887479088896
139887445518080
139887445518080
139887445518080
139886917039872
139887701378816
139886942217984
139886925432576
139886925432576
139886908647168
139887701378816
139886933825280
139886917039872
139887437125376
139886942217984
139886413739776
139887487481600
139887718164224
139887462303488
139887462303488
139887462303488
139887479088896
139887479088896
139886908647168
139886933825280
139887453910784
139886942217984
139886380168960
139886933825280
139886933825280
139886388561664
139887453910784
139886950610688
139887445518080
139887709771520
139886908647168
139885868476160
139886900254464
139887462303488
139886413739776
139886942217984
139886405347072
139886363383552
139887470696192
139886917039872
139886380168960
139887701378816
139886396954368
139885860083456
139886371776256
139887479088896
139887437125376
139887487481600
139887453910784
139886933825280
139886925432576
139885876868864
139886388561664
139887718164224
139725724677888
139725724677888
139725716285184
139725724677888
139725707892480
139725486683904
139725699499776
139725716285184
139725707892480
139725716285184
139725478291200
139725461505792
139725707892480
139725707892480
139725716285184
139725461505792
139725444720384
139725478291200
139725724677888
139725461505792
139725444720384
139725699499776
139725478291200
139725461505792
139724865918720
139725486683904
139725724677888
139725453113088
139725444720384
139724857526016
139725444720384
139725486683904
139725699499776
139724874311424
139725486683904
139725444720384
139725724677888
139725444720384
139724303869696
139725461505792
139724865918720
139724295476992
139725453113088
139725699499776
139725716285184
139724303869696
139725486683904
139724329047808
139724874311424
139724832347904
139725724677888
139725716285184
139725469898496
139724337440512
139724849133312
139724303869696
139725444720384
139724320655104
139724882704128
139725436327680
139724849133312
139724303869696
139724882704128
139724882704128
139725478291200
139724303869696
139725453113088
139725716285184
139725699499776
139724882704128
139725724677888
139724840740608
139725461505792
139724857526016
139725724677888
139724337440512
139724832347904
139724295476992
139724320655104
139724874311424
139725478291200
139725486683904
139724849133312
139725724677888
139724345833216
139725469898496
139724857526016
139724882704128
139724329047808
139724312262400
139725453113088
139725444720384
139725707892480
139724303869696
139725436327680
139724865918720
139724337440512
139725461505792
139725461505792
139724865918720
139724337440512
139725461505792
139724303869696
139724865918720
139725461505792
139724337440512
139724865918720
139725436327680
139724337440512
139725461505792
139725461505792
139725461505792
139724337440512
139725461505792
139724337440512
139725461505792
139724337440512
139725461505792
139725461505792
139725724677888
139725436327680
139725716285184
139724865918720
139724337440512
139725461505792
139724337440512
139725461505792
139725716285184
139725461505792
139725436327680
139725707892480
139724865918720
139725716285184
139724865918720
139725699499776
139725707892480
139725724677888
139725486683904
139725461505792
139724337440512
139725436327680
139725461505792
139725436327680
139724337440512
139725486683904
139725486683904
139725461505792
139724337440512
139725436327680
139725724677888
139725716285184
139725716285184
139725724677888
139725716285184
139725724677888
139725716285184
139725716285184
139725724677888
139725724677888
139725436327680
139725436327680
139725699499776
139725716285184
139725486683904
139724337440512
139725699499776
139725436327680
139725724677888
139725707892480
139724337440512
139724337440512
139724337440512
139725436327680
139725724677888
139725716285184
139725699499776
139725707892480
139725436327680
139724337440512
139725486683904
139724337440512
139725486683904
139725436327680
139725707892480
139725436327680
139725707892480
139725436327680
139725486683904
139725436327680
139725486683904
139725436327680
139725699499776
139725486683904
139724337440512
139725436327680
139725724677888
139725486683904
139725699499776
139724337440512
139725707892480
139754036401920
139754028009216
139753806624512
139753798231808
139753789839104
139753789839104
139753773053696
139753798231808
139754028009216
139753806624512
139754036401920
139753789839104
139753764660992
139753764660992
139753789839104
139754028009216
139754036401920
139753781446400
139754019616512
139753806624512
139753806624512
139753781446400
139754019616512
139753806624512
139753798231808
139754019616512
139754019616512
139754019616512
139753756268288
139753269753600
139753789839104
139753269753600
139753773053696
139753756268288
139753773053696
139753756268288
139753236182784
139754028009216
139753789839104
139754019616512
139753798231808
139753773053696
139753269753600
139753764660992
139753244575488
139754036401920
139753261360896
139753252968192
139753806624512
139753781446400
139753756268288
139753252968192
139753781446400
139754028009216
139754028009216
139753773053696
139753261360896
139754036401920
139754028009216
139753261360896
139753252968192
139754036401920
139754036401920
139753236182784
139753798231808
139753236182784
139753781446400
139754028009216
139753789839104
139752732882688
139753806624512
139753252968192
139753764660992
139754036401920
139753227790080
139752724489984
139754019616512
139753798231808
139753269753600
139753773053696
139753756268288
139753219397376
139753261360896
139753261360896
139753244575488
139753219397376
139753236182784
139753756268288
139753756268288
139753756268288
139753236182784
139753219397376
139753244575488
139753261360896
139753244575488
139753244575488
139753244575488
139753236182784
139753261360896
139753261360896
139753244575488
139754028009216
139753261360896
139753236182784
139754036401920
139753244575488
139753244575488
139753236182784
139753789839104
139753806624512
139753244575488
139754019616512
139754036401920
139753261360896
139753798231808
139753756268288
139753756268288
139753756268288
139753756268288
139754036401920
139753219397376
139753781446400
139753789839104
139753261360896
139754028009216
139753219397376
139753773053696
139754036401920
139753756268288
139753798231808
139753798231808
139753798231808
139753798231808
139753269753600
139754019616512
139753781446400
139754019616512
139754036401920
139753269753600
139753252968192
139753789839104
139753781446400
139753261360896
139753219397376
139754028009216
139753806624512
139753764660992
139753269753600
139753244575488
139753756268288
139754028009216
139753798231808
139754036401920
139753789839104
139754036401920
139753764660992
139753781446400
139754028009216
139753789839104
139753261360896
139753261360896
139753219397376
139753219397376
139753806624512
139753764660992
139753261360896
139753244575488
139753269753600
139753806624512
139754019616512
139753219397376
139753773053696
139753773053696
139753236182784
139753244575488
139753244575488
139753236182784
139754028009216
139753227790080
139753781446400
139753764660992
139752724489984
139754019616512
139752732882688
139754036401920
139753252968192
139753252968192
139754036401920
139752732882688
139754019616512
139753806624512
139753269753600
139753219397376
139753261360896
139753756268288
139753773053696
139753252968192
139753789839104
139753798231808
139752716097280
140668939556608
140668914378496
140668931163904
140668914378496
140668684982016
140668676589312
140668668196608
140668914378496
140668659803904
140668931163904
140668693374720
140668701767424
140668914378496
140668693374720
140668701767424
140668659803904
140668693374720
140668939556608
140668939556608
140668939556608
140668676589312
140668659803904
140668922771200
140668156503808
140668931163904
140668148111104
140668148111104
140668156503808
140668931163904
140668139718400
140668164896512
140668939556608
140668651411200
140668914378496
140668922771200
140668668196608
140668676589312
140668659803904
140668693374720
140668684982016
140668701767424
140668131325696
140668684982016
140668684982016
140668684982016
140668701767424
140668701767424
140668701767424
140668684982016
140668684982016
140668922771200
140668131325696
140668914378496
140668693374720
140668701767424
140668676589312
140668659803904
140668939556608
140668931163904
140668931163904
140668676589312
140668676589312
140668701767424
140668931163904
140668922771200
140668693374720
140668676589312
140668939556608
140668684982016
140668914378496
140668659803904
140668922771200
140668922771200
140668922771200
140668922771200
140668914378496
140668684982016
140668931163904
140668693374720
140668922771200
140668676589312
140668684982016
140668914378496
140668701767424
140668939556608
140668659803904
140668668196608
140668668196608
140668668196608
140668668196608
140668939556608
140668701767424
140668931163904
140668668196608
140668693374720
140668668196608
140668701767424
140668939556608
140668939556608
140668701767424
140668668196608
140668922771200
140668693374720
140668659803904
140668914378496
140668668196608
140668939556608
140668931163904
140668676589312
140668701767424
140668684982016
140668922771200
140668651411200
140668684982016
140668701767424
140668922771200
140668922771200
140668922771200
140668684982016
140668693374720
140668684982016
140668922771200
140668651411200
140668939556608
140668701767424
140668693374720
140668914378496
140668676589312
140668931163904
140668668196608
140668668196608
140668668196608
140668931163904
140668931163904
140668676589312
140668668196608
140668693374720
140668701767424
140668701767424
140668659803904
140668668196608
140668651411200
140668701767424
140668939556608
140668914378496
140668651411200
140668148111104
140668668196608
140668164896512
140668139718400
140668148111104
140668659803904
140668914378496
140668701767424
140668651411200
140668139718400
140668668196608
140668676589312
140668148111104
140668701767424
140668693374720
140668164896512
140668659803904
140668914378496
140668939556608
140668931163904
140668131325696
140668651411200
140668156503808
140668684982016
140668122932992
140668122932992
140668684982016
140668651411200
140668939556608
140668939556608
140668156503808
140668651411200
140668922771200
140668939556608
140668156503808
140668668196608
140668651411200
140668668196608
140668122932992
140668922771200
140668701767424
140668684982016
140668676589312
140668156503808
140668931163904
140668693374720
140668122932992
140668131325696
140668668196608
140668659803904
140668164896512
140668914378496
140668939556608
140668651411200
140410148845312
140410148845312
140410148845312
140410047420160
140410047420160
140410148845312
140410022242048
140410047420160
140410022242048
140410148845312
140410030634752
140410047420160
140410148845312
140410064205568
140410140452608
140410030634752
140410047420160
140410022242048
140410039027456
140410055812864
140410148845312
140410148845312
140410148845312
140410148845312
140410022242048
140410047420160
140410140452608
140410064205568
140410055812864
140410030634752
140410039027456
140410148845312
140410148845312
140410148845312
140410148845312
140410140452608
140410140452608
140410148845312
140410055812864
140410030634752
140410047420160
140410039027456
140410064205568
140410140452608
140410039027456
140410039027456
140410030634752
140410140452608
140410148845312
140410064205568
140410039027456
140410148845312
140410030634752
140410039027456
140410140452608
140410055812864
140410064205568
140410047420160
140410030634752
140410047420160
140410064205568
140410030634752
140410047420160
140410064205568
140410030634752
140410047420160
140410064205568
140410064205568
140410055812864
140410064205568
140410030634752
140410047420160
140410055812864
140410055812864
140410047420160
140410030634752
140410055812864
140410055812864
140410055812864
140410055812864
140410047420160
140410064205568
140410140452608
140410148845312
140410039027456
140410030634752
140410022242048
140410022242048
140410022242048
140410140452608
140410022242048
140410030634752
140410039027456
140410148845312
140410140452608
140410064205568
140410055812864
140410055812864
140410055812864
140410030634752
140410064205568
140410047420160
140410030634752
140410140452608
140410140452608
140410140452608
140410140452608
140410140452608
140409451833088
140409451833088
140410022242048
140410047420160
140409443440384
140409435047680
140410013849344
140410140452608
140410064205568
140410055812864
140410030634752
140410039027456
140410148845312
140409451833088
140409451833088
140410148845312
140409460225792
140410039027456
140409451833088
140410039027456
140409460225792
140410039027456
140409451833088
140410039027456
140410039027456
140409451833088
140410140452608
140410148845312
140410140452608
140410148845312
140410148845312
140410055812864
140410055812864
140410064205568
140410064205568
140410047420160
140410039027456
140410140452608
140410148845312
140410055812864
140410047420160
140410030634752
140410047420160
140410047420160
140410140452608
140410030634752
140410039027456
140410055812864
140410148845312
140410064205568
140409443440384
140410047420160
140409451833088
140409443440384
140409435047680
140409435047680
140409435047680
140410047420160
140410047420160
140410047420160
140410047420160
140409426654976
140410064205568
140410055812864
140410039027456
140409451833088
140410030634752
140410022242048
140410047420160
140410148845312
140409426654976
140409443440384
140410140452608
140410148845312
140410013849344
140409460225792
140409435047680
140409426654976
140409426654976
140409426654976
140409426654976
140410047420160
140409426654976
140410055812864
140410064205568
140410047420160
140410039027456
140410148845312
140409460225792
140410013849344
140409435047680
140410140452608
140054753933056
140054521444096
140054513051392
140054521444096
140054737147648
140054753933056
140054504658688
140054504658688
140054504658688
140054496265984
140054513051392
140054479480576
140054504658688
140054504658688
140054737147648
140053959395072
140054753933056
140053984573184
140053976180480
140054737147648
140054487873280
140053959395072
140054745540352
140054496265984
140054471087872
140053967787776
140053951002368
140053951002368
140054496265984
140054479480576
140054745540352
140054513051392
140054471087872
140054521444096
140053967787776
140054521444096
140054504658688
140054471087872
140054521444096
140054471087872
140054471087872
140053967787776
140053967787776
140053967787776
140054521444096
140053967787776
140054745540352
140054504658688
140054504658688
140054504658688
140054745540352
140053967787776
140054479480576
140054753933056
140054753933056
140054513051392
140053984573184
140053984573184
140053959395072
140053959395072
140053934216960
140053447702272
140053414131456
140053951002368
140054521444096
140053439309568
140054737147648
140053422524160
140053397346048
140053951002368
140052910831360
140053967787776
140053959395072
140054471087872
140054496265984
140052902438656
140053942609664
140053439309568
140054737147648
140054737147648
140054753933056
140053414131456
140054496265984
140054504658688
140052860475136
140054479480576
140054504658688
140052910831360
140053934216960
140052877260544
140053439309568
140053414131456
140052910831360
140054471087872
140052373960448
140054753933056
140054504658688
140054745540352
140054521444096
140052902438656
140053942609664
140053951002368
140053942609664
140053942609664
140053984573184
140054496265984
140054513051392
140054504658688
140054513051392
140054504658688
140053430916864
140054521444096
140054737147648
140054513051392
140054521444096
140054504658688
140054496265984
140053959395072
140054496265984
140054496265984
140052885653248
140053934216960
140052357175040
140052365567744
140053984573184
140053984573184
140052373960448
140052340389632
140052340389632
140054471087872
140053934216960
140053942609664
140051837089536
140053942609664
140054504658688
140052902438656
140052340389632
140052868867840
140053414131456
140054753933056
140053430916864
140052340389632
140054521444096
140052340389632
140054496265984
140054513051392
140054513051392
140052373960448
140054753933056
140053984573184
140052902438656
140052877260544
140052331996928
140053967787776
140052348782336
140054513051392
140054753933056
140053447702272
140051837089536
140054737147648
140052910831360
140052323604224
140053439309568
140053405738752
140053430916864
140054521444096
140053934216960
140054745540352
140052868867840
140051828696832
140054479480576
140053959395072
140054471087872
140052885653248
140053942609664
140053414131456
140052894045952
140052340389632
140053422524160
140054504658688
140052357175040
140052365567744
140053397346048
140052373960448
140052860475136
140053951002368
140052902438656
140052860475136
140052860475136
140052860475136
140054753933056
140053976180480
140051820304128
140053951002368
140053397346048
140054496265984
140052902438656
140052373960448
140054487873280
140052860475136
140710367307520
140710358914816
140710350522112
140710367307520
140710342129408
140710367307520
140710342129408
140710358914816
140710367307520
140710350522112
140710342129408
140710350522112
140710367307520
140710358914816
140710342129408
140710350522112
140709956933376
140710367307520
140710325344000
140710358914816
140709973718784
140710367307520
140709965326080
140710342129408
140710350522112
140709973718784
140710333736704
140710367307520
140709973718784
140710350522112
140710333736704
140710342129408
140710367307520
140709965326080
140710350522112
140709973718784
140710333736704
140710358914816
140710325344000
140710342129408
140709956933376
140710367307520
140709948540672
140709965326080
140709940147968
140710350522112
140709973718784
140709931755264
140710333736704
140709923362560
140710358914816
140709956933376
140710367307520
140710342129408
140709948540672
140710325344000
140709369739008
140710325344000
140709948540672
140710325344000
140709369739008
140710367307520
140710358914816
140710350522112
140710333736704
140709948540672
140709973718784
140710325344000
140709965326080
140709369739008
140710342129408
140709956933376
140710342129408
140709369739008
140709965326080
140710325344000
140710367307520
140709956933376
140710358914816
140710350522112
140710358914816
140709956933376
140710367307520
140710350522112
140710325344000
140710342129408
140710333736704
140710358914816
140709973718784
140710325344000
140710342129408
140710350522112
140710342129408
140710325344000
140709973718784
140710325344000
140710342129408
140710350522112
140709973718784
140710358914816
140709973718784
140710350522112
140710342129408
140710325344000
140710342129408
140710350522112
140710342129408
140710325344000
140709973718784
140710325344000
140710342129408
140710350522112
140709973718784
140709973718784
140710350522112
140710342129408
140709973718784
140710325344000
140710367307520
140710358914816
140710350522112
140710333736704
140709965326080
140710342129408
140709956933376
140709948540672
140709940147968
140709973718784
140709931755264
140710325344000
140709931755264
140709973718784
140709940147968
140710325344000
140709931755264
140709948540672
140710367307520
140709973718784
140710358914816
140710350522112
140710325344000
140709940147968
140710342129408
140709931755264
140710333736704
140709948540672
140709965326080
140709956933376
140710367307520
140709923362560
140709973718784
140709369739008
140710358914816
140709361346304
140709352953600
140710350522112
140709344560896
140709336168192
140709327775488
140710325344000
140709319382784
140709940147968
140708832868096
140710342129408
140708824475392
140710333736704
140709931755264
140709948540672
140708816082688
140708807689984
140709965326080
140708799297280
140708790904576
140708782511872
140709956933376
140708295997184
140710367307520
140708287604480
140709923362560
140708279211776
140708270819072
140709973718784
140709369739008
140708262426368
140708254033664
140710358914816
140708245640960
140707759126272
140709361346304
140709352953600
140707750733568
140707742340864
140710350522112
140707733948160
140707725555456
140709344560896
140707717162752
140707708770048
140709336168192
140707222255360
140511005652736
140510928828160
140510920435456
140511005652736
140510912042752
140510928828160
140510903650048
140510895257344
140510920435456
140510886864640
140510878471936
140511005652736
140510912042752
140510903650048
140510928828160
140510391957248
140510895257344
140510886864640
140510920435456
140510878471936
140510391957248
140510928828160
140510903650048
140510895257344
140510912042752
140510886864640
140511005652736
140510920435456
140510383564544
140510375171840
140510366779136
140510878471936
140510358386432
140510349993728
140510341601024
140509855086336
140510391957248
140509846693632
140509838300928
140510928828160
140509829908224
140510903650048
140509821515520
140509813122816
140510895257344
140509804730112
140510920435456
140510383564544
140511005652736
140510886864640
140510912042752
140510375171840
140509318215424
140510878471936
140510366779136
140510358386432
140509309822720
140510349993728
140509301430016
140510341601024
140509293037312
140509855086336
140509284644608
140510391957248
140509276251904
140509846693632
140509267859200
140508781344512
140509838300928
140508772951808
140508764559104
140510928828160
140508756166400
140509829908224
140508747773696
140508739380992
140510903650048
140508730988288
140508244473600
140508236080896
140508227688192
140509821515520
140509813122816
140508219295488
140508210902784
140510895257344
140509804730112
140508202510080
140510920435456
140510383564544
140508194117376
140507707602688
140507699209984
140511005652736
140507690817280
140507682424576
140510886864640
140507674031872
140507665639168
140507657246464
140510912042752
140507170731776
140510878471936
140509318215424
140510375171840
140510366779136
140507162339072
140510358386432
140507153946368
140507145553664
140509309822720
140507137160960
140510349993728
140507128768256
140507120375552
140506633860864
140509301430016
140506625468160
140506617075456
140510341601024
140506608682752
140509293037312
140506600290048
140506591897344
140509855086336
140506583504640
140506096989952
140509284644608
140506088597248
140510391957248
140506080204544
140506071811840
140509276251904
140506063419136
140509846693632
140506055026432
140509267859200
140506046633728
140508781344512
140505560119040
140505551726336
140509838300928
140505543333632
140508772951808
140505534940928
140508764559104
140505526548224
140510928828160
140505518155520
140508756166400
140505509762816
140509829908224
140505023248128
140508747773696
140505014855424
140508739380992
140505006462720
140504998070016
140510903650048
140508730988288
140504989677312
140508244473600
140504981284608
140504972891904
140504486377216
140508236080896
140504477984512
140504469591808
140508227688192
140504461199104
140504452806400
140509821515520
140504444413696
140504436020992
140509813122816
140503949506304
140508219295488
140503941113600
140503932720896
140508210902784
140510895257344
140503924328192
140503915935488
140509804730112
140503907542784
140503899150080
140508202510080
140503681070848
140503672678144
140510920435456
140503664285440
140510383564544
140503655892736
140503647500032
140508194117376
140503639107328
140511005652736
140507690817280
140507699209984
140507682424576
139952844830464
139952836437760
139952844830464
139952836437760
139952844830464
139952836437760
139952844830464
139952828045056
139952819652352
139952836437760
139952819652352
139952828045056
139952844830464
139952836437760
139952819652352
139952836437760
139952844830464
139952828045056
139952844830464
139952836437760
139952828045056
139952844830464
139952819652352
139952836437760
139952819652352
139952844830464
139952828045056
139952844830464
139952819652352
139952828045056
139952844830464
139952828045056
139952819652352
139952836437760
139952819652352
139952828045056
139952844830464
139952836437760
139952811259648
139952802866944
139952819652352
139952794474240
139952314644224
139952794474240
139952819652352
139952802866944
139952811259648
139952314644224
139952844830464
139952836437760
139952794474240
139952828045056
139952819652352
139952306251520
139952802866944
139952297858816
139952811259648
139952289466112
139952314644224
139952281073408
139952314644224
139952289466112
139952811259648
139952297858816
139952281073408
139952844830464
139952836437760
139952314644224
139952828045056
139952819652352
139952802866944
139952794474240
139952289466112
139952306251520
139952289466112
139952819652352
139952802866944
139952306251520
139952794474240
139952289466112
139952844830464
139952836437760
139952819652352
139952828045056
139952802866944
139952811259648
139952802866944
139952811259648
139952828045056
139952802866944
139952819652352
139952836437760
139952844830464
139952811259648
139952844830464
139952836437760
139952811259648
139952819652352
139952802866944
139952828045056
139952844830464
139952794474240
139952314644224
139952836437760
139952306251520
139952811259648
139952297858816
139952289466112
139952819652352
139952281073408
139952272680704
139952264288000
139952802866944
139951777773312
139952306251520
139952836437760
139952314644224
139952811259648
139952794474240
139952844830464
139952828045056
139952297858816
139952289466112
139952281073408
139952819652352
139952281073408
139952289466112
139952297858816
139952828045056
139952844830464
139952836437760
139952819652352
139952811259648
139952802866944
139952794474240
139952281073408
139952314644224
139952306251520
139952272680704
139952306251520
139952314644224
139952272680704
139952281073408
139952794474240
139952844830464
139952306251520
139952836437760
139952828045056
139952819652352
139952314644224
139952811259648
139952802866944
139952297858816
139952272680704
139952289466112
139952264288000
139951777773312
139952844830464
139952306251520
139952794474240
139952289466112
139952272680704
139952264288000
139952297858816
139951777773312
139952844830464
139952802866944
139952836437760
139952802866944
139952836437760
139952844830464
139951777773312
139952802866944
139952297858816
139952828045056
139952836437760
139952819652352
139952811259648
139952844830464
139952794474240
139952314644224
139951777773312
139952306251520
139952802866944
139952289466112
139952281073408
139952272680704
139952297858816
139952264288000
139951769380608
139952828045056
139951760987904
139951752595200
139952836437760
139951744202496
139951735809792
139952819652352
139951727417088
139951240902400
139952811259648
140332849133312
140332840740608
140332832347904
140332849133312
140332620576512
140332840740608
140332832347904
140332612183808
140332840740608
140332832347904
140332612183808
140332620576512
140332840740608
140332849133312
140332603791104
140332050134784
140332595398400
140332587005696
140332612183808
140332578612992
140332570220288
140332620576512
140332083705600
140332840740608
140332075312896
140332066920192
140332058527488
140332849133312
140332832347904
140332603791104
140332041742080
140332033349376
140332050134784
140332595398400
140331546834688
140331538441984
140332587005696
140331530049280
140331521656576
140331513263872
140331504871168
140331496478464
140331009963776
140332612183808
140331001571072
140330993178368
140332578612992
140330984785664
140330976392960
140332570220288
140330968000256
140330959607552
140332620576512
140330473092864
140332083705600
140332840740608
140330464700160
140330456307456
140330447914752
140330439522048
140330431129344
140332075312896
140332066920192
140332058527488
140332849133312
140332041742080
140332050134784
140332033349376
140332603791104
140332832347904
140332595398400
140330422736640
140331546834688
140329936221952
140331496478464
140331009963776
140332612183808
140331504871168
140331001571072
140331513263872
140331521656576
140332587005696
140330993178368
140332578612992
140331538441984
140331530049280
140330984785664
140329927829248
140329919436544
140330976392960
140329911043840
140330959607552
140330968000256
140332570220288
140332620576512
140330473092864
140329902651136
140332083705600
140329894258432
140329885865728
140332840740608
140329399351040
140330464700160
140330456307456
140329390958336
140329382565632
140330447914752
140330439522048
140329374172928
140330431129344
140329365780224
140329357387520
140332075312896
140332066920192
140329348994816
140328862480128
140332058527488
140328854087424
140328845694720
140332050134784
140332041742080
140332033349376
140332849133312
140332603791104
140328837302016
140328828909312
140332832347904
140328820516608
140328812123904
140332595398400
140328325609216
140330422736640
140328317216512
140331546834688
140328308823808
140328300431104
140329936221952
140328292038400
140328283645696
140331496478464
140328275252992
140331009963776
140327788738304
140327780345600
140332612183808
140327771952896
140331504871168
140327763560192
140327755167488
140331001571072
140327746774784
140331513263872
140327738382080
140327251867392
140331521656576
140327243474688
140327235081984
140332587005696
140327226689280
140330993178368
140327218296576
140327209903872
140327201511168
140332578612992
140331538441984
140326714996480
140326706603776
140331530049280
140326698211072
140326689818368
140330984785664
140326681425664
140326673032960
140329927829248
140326664640256
140326178125568
140329919436544
140326169732864
140330976392960
140326161340160
140326152947456
140326144554752
140329911043840
140326136162048
140326127769344
140330959607552
140325641254656
140330968000256
140325632861952
140332570220288
140325624469248
140325616076544
140325607683840
140332620576512
140325599291136
140325590898432
140325507036928
140325498644224
140330473092864
140325490251520
